
Dimensioning

A:                   1.5950897
AA_f:                0.9600521
AA_in:              29.3487172
AA_t:                0.0399479
A_f:                 1.5313692
A_ft:                0.0719425
A_in:                0.0543496
A_t:                 0.0637205
A_tot:              41.7882979
A_tot_real:         45.9385822
F:                   0.2604836
H:                   0.5500000
H_r:                 0.5466000
L_t_tot:            26.1980871
L_t_tot_real:       28.8000000
W:                   0.6000000
c_ekv:               0.0767298
d_cl:                0.0289652
d_eq:                0.0867047
l_cl:                0.0486989
l_ekv:               0.0265350
l_eq:                0.0319023
phi_cl:              1.5943053
psi_f:              22.1709091
s_1:                 0.1440000
s_12:                2.0281690
s_12_opt:            2.0268044
s_2:                 0.0710000
s_3:                 0.1011187
v_1:                 0.4763138
v_2:                 4.7471337
z:                  43.6634785
z_2:                12.0000000
z_real:             48.0000000

Thermal analysis

C_E:                 0.9374573
C_f:                 1.0000000
C_mu:                0.9851217
C_q:                 0.0311877
C_z:                 1.0000000
E:                   0.7313236
Psi:                 0.9500000
R_T:                 0.0002435
alpha_1:          3748.2865584
alpha_2:            45.8283821
alpha_2_r:          31.9948490
beta:               22.3676071
chi:                -0.0286622
k:                  20.5489140
n:                   0.8085622
t_in:               60.6262741

Aerodynamic analysis

C_f_air:             4.6893449
C_op:                1.1000000
C_z_air:             1.0000000
FA_tot:             14.6223501
d_eq:                0.0225029
deltaP:            102.9555971
n_air:               0.2396936
zeta_0:              0.5476411

Hydraulic analysis

A_col:               0.0038815
B_int:               2.0000000
B_sup:               0.8000000
L_0:                 3.2985840
deltaP:           1015.6924184
deltaP_col:         46.8717107
deltaP_col_int:    117.1792767
deltaP_col_sup:     46.8717107
deltaP_f:          703.4835957
deltaP_loc:        265.3371121
lambda:              0.0332566
v_col:               0.3461433
zeta_R_col:          0.0401514
zeta_R_t:            0.1704586
zeta_in:             0.7000000
zeta_out:            1.1000000

Structural analysis

C_err_col:           0.0011900
C_err_dish:          0.0012000
C_err_t:             0.0006000
L_b_col_req:         0.0438572
e_a_col:             0.0017100
e_a_dish:            0.0018000
e_a_t:               0.0014000
e_col:               0.0001187
e_col_test:          0.0010473
e_dish:              0.0001284
e_dish_test:         0.0011254
e_min_col:           0.0026100
e_min_dish:          0.0027000
e_min_t:             0.0018000
e_t:                 0.0000292
e_t_test:            0.0002577
p_max_col:           5.2454266
p_max_dish:          4.5949106
p_max_t:            17.2100864
p_test:              6.5707221
r_is_col:            0.0363400
w_min_col:           0.0051300
